3.695	3.83	3.979	4.079	4.139	4.269	4.842	5.452	5.727	5.752	5.672	5.467	5.517	5.632	5.752	5.827	5.862	5.957	6.307	6.692	6.932	6.932	6.737	6.257	6.237	6.322	6.422	6.492	6.522	6.612	6.867	7.162	7.382	7.382	7.147	6.572	6.527	6.602	6.697	6.767	6.797	6.877	7.112	7.402	7.617	7.617	7.377	6.707
3.782	3.912	4.059	4.159	4.219	4.349	4.924	5.517	5.789	5.809	5.716	5.501	5.549	5.661	5.781	5.856	5.891	5.986	6.336	6.721	6.956	6.961	6.766	6.291	6.271	6.356	6.456	6.526	6.556	6.646	6.901	7.196	7.416	7.416	7.181	6.601	6.556	6.631	6.726	6.796	6.826	6.906	7.136	7.426	7.641	7.641	7.401	6.726
3.801	3.929	4.073	4.178	4.24	4.367	4.945	5.552	5.827	5.847	5.752	5.547	5.595	5.707	5.827	5.897	5.932	6.027	6.377	6.762	6.997	6.999	6.804	6.329	6.309	6.394	6.489	6.559	6.589	6.679	6.934	7.229	7.449	7.449	7.214	6.624	6.579	6.654	6.744	6.814	6.844	6.924	7.154	7.444	7.659	7.654	7.414	6.734
3.732	3.857	4.001	4.109	4.172	4.3	4.893	5.505	5.78	5.802	5.71	5.515	5.565	5.68	5.8	5.87	5.905	6	6.355	6.745	6.985	6.987	6.797	6.337	6.317	6.402	6.497	6.567	6.597	6.687	6.942	7.237	7.457	7.457	7.222	6.632	6.587	6.662	6.752	6.822	6.847	6.927	7.157	7.447	7.662	7.657	7.417	6.737
3.562	3.694	3.85	3.961	4.026	4.157	4.757	5.392	5.664	5.687	5.607	5.422	5.475	5.59	5.712	5.782	5.817	5.912	6.272	6.662	6.907	6.912	6.722	6.282	6.267	6.352	6.447	6.517	6.547	6.637	6.892	7.182	7.402	7.402	7.167	6.592	6.552	6.627	6.717	6.787	6.812	6.892	7.117	7.402	7.617	7.612	7.372	6.692
3.63	3.764	3.923	4.038	4.105	4.234	4.834	5.454	5.724	5.749	5.669	5.484	5.532	5.647	5.767	5.837	5.869	5.964	6.319	6.704	6.944	6.949	6.759	6.314	6.299	6.384	6.479	6.549	6.579	6.669	6.919	7.204	7.424	7.424	7.184	6.599	6.559	6.634	6.724	6.794	6.819	6.899	7.124	7.409	7.624	7.619	7.379	6.694
3.61	3.745	3.907	4.024	4.095	4.226	4.831	5.456	5.726	5.754	5.679	5.494	5.542	5.657	5.777	5.849	5.882	5.977	6.332	6.717	6.957	6.962	6.772	6.322	6.307	6.387	6.482	6.552	6.582	6.672	6.922	7.207	7.422	7.422	7.187	6.597	6.557	6.632	6.722	6.792	6.817	6.897	7.122	7.407	7.622	7.617	7.377	6.687
3.628	3.765	3.933	4.053	4.126	4.254	4.854	5.484	5.754	5.781	5.704	5.519	5.567	5.682	5.802	5.872	5.904	5.999	6.349	6.729	6.964	6.969	6.784	6.339	6.324	6.404	6.499	6.569	6.599	6.689	6.939	7.219	7.434	7.434	7.199	6.614	6.574	6.649	6.739	6.809	6.834	6.914	7.139	7.424	7.639	7.634	7.394	6.709
3.689	3.826	3.996	4.118	4.19	4.317	4.932	5.567	5.837	5.867	5.795	5.618	5.666	5.781	5.903	5.973	6.008	6.1	6.45	6.83	7.06	7.065	6.88	6.43	6.415	6.495	6.59	6.66	6.69	6.78	7.025	7.3	7.515	7.515	7.28	6.69	6.65	6.725	6.815	6.885	6.91	6.99	7.215	7.5	7.715	7.71	7.47	6.78
3.693	3.828	3.99	4.112	4.184	4.312	4.932	5.577	5.852	5.884	5.814	5.634	5.684	5.799	5.922	5.992	6.027	6.119	6.469	6.844	7.074	7.079	6.894	6.454	6.439	6.519	6.614	6.684	6.714	6.804	7.049	7.324	7.534	7.534	7.299	6.714	6.674	6.749	6.839	6.909	6.934	7.014	7.239	7.524	7.734	7.734	7.494	6.804
3.599	3.733	3.892	4.02	4.097	4.227	4.875	5.542	5.817	5.851	5.79	5.62	5.671	5.786	5.911	5.982	6.017	6.11	6.47	6.85	7.08	7.085	6.9	6.47	6.46	6.54	6.635	6.705	6.735	6.825	7.07	7.345	7.555	7.555	7.32	6.74	6.7	6.775	6.865	6.935	6.96	7.04	7.265	7.55	7.76	7.76	7.525	6.835
3.729	3.862	4.017	4.143	4.213	4.346	5.001	5.671	5.946	5.971	5.901	5.701	5.743	5.855	5.98	6.05	6.085	6.178	6.533	6.913	7.143	7.148	6.963	6.528	6.513	6.598	6.693	6.763	6.793	6.883	7.128	7.403	7.613	7.613	7.378	6.793	6.753	6.833	6.923	6.993	7.018	7.098	7.323	7.608	7.818	7.818	7.583	6.888
3.54	3.667	3.826	3.953	4.027	4.16	4.845	5.545	5.825	5.85	5.778	5.578	5.619	5.734	5.859	5.929	5.966	6.059	6.414	6.804	7.039	7.044	6.864	6.439	6.424	6.509	6.604	6.674	6.704	6.794	7.044	7.319	7.529	7.529	7.294	6.719	6.679	6.759	6.849	6.919	6.944	7.024	7.249	7.534	7.744	7.744	7.509	6.814
3.511	3.635	3.787	3.913	3.99	4.125	4.821	5.531	5.82	5.845	5.773	5.573	5.61	5.725	5.85	5.92	5.96	6.053	6.408	6.803	7.033	7.038	6.863	6.448	6.438	6.523	6.623	6.693	6.723	6.813	7.063	7.338	7.548	7.548	7.313	6.743	6.703	6.783	6.873	6.943	6.968	7.048	7.273	7.558	7.768	7.768	7.533	6.838
3.532	3.645	3.788	3.914	3.991	4.131	4.828	5.546	5.844	5.874	5.802	5.602	5.639	5.754	5.879	5.949	5.989	6.082	6.442	6.837	7.067	7.072	6.897	6.482	6.472	6.557	6.657	6.727	6.757	6.842	7.092	7.367	7.577	7.577	7.347	6.777	6.737	6.817	6.907	6.977	7.002	7.082	7.312	7.597	7.802	7.802	7.572	6.877
3.409	3.516	3.662	3.793	3.873	4.016	4.716	5.441	5.761	5.803	5.735	5.55	5.597	5.712	5.84	5.915	5.955	6.048	6.408	6.808	7.038	7.043	6.873	6.458	6.453	6.538	6.638	6.708	6.738	6.823	7.078	7.358	7.568	7.568	7.343	6.773	6.733	6.813	6.903	6.973	6.998	7.078	7.308	7.593	7.798	7.798	7.568	6.873
3.297	3.402	3.55	3.683	3.767	3.91	4.613	5.338	5.666	5.716	5.651	5.488	5.538	5.653	5.783	5.863	5.905	5.998	6.358	6.76	6.993	7.003	6.838	6.428	6.426	6.514	6.614	6.686	6.716	6.801	7.056	7.341	7.551	7.551	7.331	6.761	6.721	6.801	6.891	6.961	6.986	7.066	7.296	7.581	7.786	7.786	7.556	6.861
3.253	3.362	3.507	3.638	3.724	3.868	4.556	5.274	5.596	5.647	5.591	5.436	5.488	5.603	5.733	5.816	5.863	5.956	6.316	6.718	6.951	6.961	6.801	6.391	6.389	6.479	6.584	6.659	6.689	6.774	7.029	7.314	7.524	7.529	7.309	6.739	6.699	6.779	6.869	6.939	6.964	7.044	7.274	7.559	7.764	7.764	7.534	6.839
3.321	3.44	3.584	3.712	3.796	3.934	4.592	5.286	5.586	5.632	5.577	5.415	5.462	5.574	5.707	5.787	5.834	5.927	6.285	6.685	6.915	6.92	6.76	6.34	6.335	6.425	6.53	6.605	6.635	6.72	6.975	7.26	7.465	7.47	7.25	6.665	6.625	6.705	6.795	6.865	6.89	6.97	7.2	7.485	7.69	7.689	7.459	6.764
3.321	3.403	3.542	3.666	3.744	3.882	4.557	5.267	5.567	5.613	5.558	5.398	5.445	5.557	5.69	5.77	5.817	5.91	6.268	6.668	6.895	6.9	6.74	6.32	6.315	6.405	6.51	6.585	6.615	6.7	6.955	7.24	7.445	7.45	7.23	6.645	6.605	6.685	6.775	6.845	6.87	6.95	7.18	7.465	7.67	7.669	7.439	6.744
3.321	3.373	3.515	3.638	3.717	3.854	4.519	5.229	5.539	5.588	5.539	5.394	5.441	5.553	5.69	5.774	5.821	5.914	6.272	6.669	6.894	6.899	6.744	6.319	6.314	6.404	6.509	6.584	6.614	6.699	6.954	7.239	7.444	7.449	7.229	6.639	6.599	6.679	6.769	6.839	6.864	6.944	7.174	7.459	7.664	7.663	7.433	6.733
