4.031	4.285	5.011	5.701	5.963	5.98	5.911	5.821	5.871	5.963	6.078	6.17	6.231	6.341	6.711	7.066	7.286	7.281	7.096	6.571	6.536	6.616	6.706	6.776	6.806	6.886	7.121	7.406	7.616	7.611	7.386	6.676	6.636	6.716	6.811	6.876	6.906	6.986	7.211	7.496	7.701	7.696	7.466	6.766	6.721	6.806	6.906	6.976
4.001	4.275	5.005	5.693	5.951	5.97	5.905	5.815	5.865	5.955	6.07	6.16	6.22	6.33	6.695	7.05	7.27	7.265	7.075	6.545	6.51	6.59	6.68	6.745	6.775	6.855	7.09	7.375	7.585	7.58	7.35	6.635	6.59	6.67	6.765	6.83	6.86	6.94	7.165	7.445	7.65	7.645	7.415	6.71	6.665	6.75	6.85	6.92
4.042	4.328	5.057	5.747	6.003	6.02	5.955	5.865	5.912	6	6.111	6.201	6.261	6.371	6.734	7.088	7.306	7.301	7.111	6.581	6.546	6.626	6.716	6.781	6.811	6.891	7.126	7.411	7.621	7.616	7.386	6.666	6.621	6.701	6.796	6.861	6.891	6.971	7.196	7.476	7.681	7.676	7.446	6.736	6.691	6.776	6.876	6.946
3.743	4.007	4.768	5.485	5.744	5.771	5.716	5.646	5.703	5.795	5.91	6.003	6.066	6.181	6.551	6.911	7.131	7.126	6.941	6.441	6.411	6.491	6.581	6.651	6.681	6.761	6.996	7.281	7.491	7.486	7.261	6.551	6.506	6.586	6.681	6.746	6.776	6.856	7.081	7.361	7.566	7.561	7.336	6.641	6.596	6.681	6.781	6.851
3.674	3.939	4.718	5.445	5.702	5.727	5.672	5.597	5.654	5.746	5.861	5.954	6.017	6.132	6.502	6.867	7.087	7.082	6.897	6.407	6.377	6.457	6.547	6.617	6.647	6.727	6.962	7.247	7.457	7.452	7.227	6.527	6.482	6.562	6.657	6.722	6.752	6.832	7.057	7.337	7.542	7.537	7.312	6.627	6.582	6.667	6.767	6.837
3.641	3.919	4.726	5.454	5.706	5.734	5.679	5.604	5.659	5.749	5.867	5.962	6.027	6.147	6.522	6.887	7.107	7.102	6.917	6.427	6.397	6.477	6.567	6.637	6.667	6.747	6.982	7.267	7.477	7.472	7.247	6.547	6.502	6.582	6.677	6.742	6.772	6.852	7.077	7.357	7.562	7.557	7.332	6.647	6.602	6.687	6.787	6.857
3.541	3.812	4.655	5.404	5.657	5.689	5.636	5.566	5.621	5.711	5.829	5.926	5.991	6.111	6.491	6.856	7.076	7.071	6.891	6.406	6.376	6.456	6.546	6.616	6.646	6.726	6.966	7.251	7.461	7.456	7.231	6.531	6.486	6.566	6.661	6.726	6.756	6.836	7.061	7.341	7.546	7.541	7.316	6.631	6.586	6.671	6.771	6.841
3.479	3.767	4.643	5.41	5.662	5.692	5.642	5.579	5.632	5.723	5.839	5.936	6.001	6.121	6.501	6.866	7.086	7.081	6.901	6.416	6.386	6.466	6.556	6.626	6.656	6.736	6.976	7.261	7.471	7.466	7.241	6.541	6.496	6.576	6.671	6.736	6.766	6.846	7.071	7.351	7.556	7.551	7.326	6.641	6.596	6.681	6.781	6.851
3.336	3.673	4.555	5.342	5.616	5.65	5.602	5.55	5.605	5.7	5.817	5.912	5.975	6.095	6.48	6.85	7.075	7.07	6.89	6.405	6.375	6.455	6.545	6.615	6.645	6.725	6.97	7.255	7.465	7.46	7.235	6.535	6.49	6.57	6.665	6.73	6.76	6.84	7.065	7.34	7.545	7.54	7.315	6.63	6.585	6.67	6.77	6.84
3.238	3.638	4.519	5.31	5.584	5.623	5.581	5.531	5.591	5.688	5.806	5.901	5.964	6.084	6.474	6.849	7.074	7.069	6.889	6.404	6.374	6.454	6.544	6.614	6.644	6.724	6.969	7.254	7.464	7.459	7.234	6.534	6.489	6.569	6.664	6.729	6.759	6.839	7.064	7.339	7.544	7.539	7.314	6.624	6.579	6.659	6.754	6.819
3.163	3.555	4.412	5.19	5.477	5.522	5.491	5.446	5.51	5.608	5.731	5.826	5.891	6.011	6.406	6.781	7.006	7.001	6.826	6.346	6.316	6.396	6.486	6.556	6.586	6.666	6.911	7.196	7.406	7.401	7.176	6.481	6.436	6.516	6.606	6.671	6.701	6.781	7.006	7.281	7.486	7.481	7.256	6.571	6.526	6.606	6.696	6.761
3.096	3.464	4.326	5.106	5.395	5.441	5.411	5.368	5.433	5.533	5.655	5.751	5.818	5.938	6.333	6.708	6.938	6.936	6.763	6.298	6.268	6.348	6.438	6.508	6.538	6.618	6.863	7.148	7.358	7.353	7.133	6.448	6.398	6.478	6.568	6.633	6.663	6.743	6.968	7.243	7.448	7.443	7.218	6.533	6.488	6.568	6.658	6.723
3.119	3.472	4.333	5.108	5.398	5.443	5.416	5.376	5.438	5.537	5.659	5.755	5.821	5.943	6.343	6.718	6.948	6.946	6.773	6.308	6.278	6.358	6.448	6.518	6.548	6.628	6.873	7.158	7.368	7.363	7.143	6.453	6.403	6.483	6.573	6.638	6.668	6.748	6.973	7.248	7.453	7.448	7.223	6.538	6.493	6.573	6.663	6.728
2.945	3.32	4.241	5.052	5.342	5.386	5.369	5.341	5.403	5.503	5.623	5.719	5.789	5.911	6.311	6.691	6.919	6.917	6.744	6.284	6.254	6.334	6.424	6.494	6.524	6.604	6.849	7.134	7.344	7.339	7.124	6.444	6.394	6.474	6.564	6.629	6.659	6.739	6.964	7.239	7.444	7.439	7.214	6.529	6.484	6.564	6.654	6.719
2.804	3.225	4.197	5.027	5.315	5.365	5.36	5.34	5.405	5.507	5.629	5.726	5.797	5.92	6.325	6.71	6.935	6.933	6.76	6.305	6.275	6.355	6.445	6.515	6.545	6.625	6.87	7.16	7.37	7.365	7.15	6.48	6.43	6.51	6.6	6.665	6.695	6.775	7	7.275	7.48	7.475	7.25	6.575	6.53	6.61	6.7	6.765
2.923	3.337	4.307	5.13	5.422	5.473	5.473	5.446	5.509	5.61	5.73	5.825	5.896	6.018	6.42	6.803	7.028	7.026	6.853	6.383	6.353	6.433	6.523	6.593	6.623	6.703	6.948	7.238	7.448	7.443	7.223	6.538	6.488	6.568	6.658	6.723	6.753	6.833	7.058	7.333	7.538	7.533	7.308	6.628	6.583	6.663	6.753	6.818
2.882	3.288	4.261	5.092	5.381	5.434	5.436	5.409	5.471	5.576	5.696	5.791	5.862	5.984	6.386	6.769	6.994	6.992	6.819	6.349	6.314	6.394	6.484	6.554	6.584	6.664	6.909	7.199	7.409	7.404	7.184	6.499	6.444	6.524	6.614	6.679	6.709	6.784	7.004	7.279	7.484	7.479	7.254	6.574	6.529	6.609	6.699	6.764
2.91	3.294	4.269	5.101	5.386	5.444	5.446	5.423	5.487	5.592	5.715	5.81	5.881	6.003	6.403	6.783	7.003	7.001	6.828	6.353	6.318	6.398	6.488	6.558	6.588	6.668	6.913	7.203	7.413	7.408	7.188	6.503	6.453	6.533	6.623	6.683	6.713	6.788	7.008	7.278	7.483	7.478	7.253	6.573	6.523	6.603	6.693	6.758
2.843	3.206	4.189	5.047	5.334	5.402	5.407	5.394	5.459	5.567	5.69	5.785	5.857	5.984	6.394	6.784	7.004	7.004	6.831	6.351	6.316	6.391	6.481	6.551	6.581	6.666	6.911	7.201	7.411	7.411	7.191	6.506	6.456	6.536	6.626	6.686	6.716	6.791	7.011	7.281	7.486	7.481	7.256	6.586	6.536	6.616	6.706	6.771
2.843	3.033	4.053	4.913	5.211	5.287	5.288	5.285	5.352	5.465	5.59	5.687	5.76	5.895	6.32	6.72	6.94	6.94	6.77	6.295	6.26	6.335	6.425	6.495	6.525	6.61	6.855	7.145	7.355	7.355	7.138	6.463	6.413	6.493	6.583	6.643	6.673	6.748	6.968	7.243	7.448	7.448	7.223	6.558	6.513	6.593	6.683	6.748
2.843	2.977	3.998	4.832	5.128	5.191	5.198	5.198	5.268	5.385	5.51	5.607	5.68	5.82	6.255	6.655	6.875	6.875	6.705	6.23	6.2	6.275	6.365	6.435	6.465	6.55	6.795	7.085	7.295	7.295	7.08	6.415	6.365	6.445	6.535	6.595	6.625	6.7	6.92	7.195	7.4	7.4	7.175	6.51	6.465	6.545	6.635	6.7
