3.546	3.679	3.795	3.87	4.003	4.643	5.333	5.629	5.675	5.631	5.478	5.525	5.637	5.774	5.859	5.906	5.996	6.346	6.741	6.961	6.966	6.806	6.356	6.351	6.441	6.546	6.621	6.651	6.736	6.991	7.276	7.481	7.486	7.266	6.666	6.626	6.706	6.796	6.866	6.891	6.971	7.201	7.486	7.691	7.69	7.46	6.76	6.72
3.725	3.86	3.976	4.049	4.184	4.824	5.509	5.799	5.844	5.796	5.641	5.688	5.798	5.933	6.018	6.063	6.153	6.498	6.883	7.098	7.103	6.943	6.483	6.475	6.565	6.67	6.745	6.775	6.86	7.115	7.395	7.6	7.605	7.385	6.77	6.73	6.81	6.9	6.97	6.995	7.075	7.305	7.59	7.795	7.794	7.564	6.854	6.814
3.615	3.753	3.876	3.952	4.094	4.756	5.466	5.764	5.812	5.767	5.612	5.662	5.772	5.907	5.992	6.037	6.127	6.472	6.857	7.072	7.077	6.917	6.457	6.449	6.539	6.644	6.719	6.749	6.834	7.089	7.369	7.574	7.579	7.359	6.744	6.704	6.784	6.874	6.944	6.969	7.049	7.279	7.564	7.769	7.768	7.538	6.828	6.788
3.887	4.012	4.131	4.204	4.341	4.991	5.691	5.986	6.027	5.976	5.801	5.849	5.957	6.09	6.175	6.218	6.306	6.646	7.026	7.231	7.232	7.067	6.572	6.562	6.647	6.752	6.827	6.857	6.942	7.197	7.477	7.677	7.679	7.454	6.834	6.794	6.874	6.964	7.034	7.059	7.139	7.369	7.654	7.859	7.858	7.623	6.903	6.863
4.081	4.197	4.31	4.38	4.514	5.194	5.899	6.199	6.236	6.181	6.001	6.049	6.149	6.279	6.364	6.404	6.491	6.826	7.206	7.406	7.406	7.236	6.721	6.711	6.796	6.896	6.971	7.001	7.086	7.331	7.606	7.806	7.806	7.571	6.931	6.886	6.961	7.051	7.121	7.146	7.226	7.456	7.736	7.936	7.931	7.691	6.961	6.916
4.311	4.416	4.521	4.59	4.717	5.377	6.067	6.365	6.393	6.338	6.133	6.178	6.278	6.403	6.486	6.526	6.613	6.943	7.318	7.518	7.518	7.348	6.808	6.793	6.878	6.978	7.053	7.083	7.168	7.408	7.678	7.873	7.868	7.633	6.968	6.918	6.993	7.078	7.148	7.173	7.253	7.483	7.758	7.958	7.953	7.713	6.953	6.903
4.302	4.412	4.517	4.581	4.703	5.345	6.018	6.313	6.337	6.281	6.096	6.136	6.236	6.356	6.439	6.479	6.566	6.891	7.266	7.466	7.466	7.291	6.761	6.746	6.826	6.926	7.001	7.031	7.116	7.356	7.626	7.821	7.816	7.576	6.916	6.866	6.941	7.026	7.096	7.121	7.201	7.431	7.706	7.906	7.901	7.661	6.901	6.851
4.449	4.563	4.662	4.728	4.845	5.442	6.06	6.345	6.369	6.313	6.123	6.16	6.26	6.38	6.463	6.503	6.588	6.903	7.278	7.478	7.473	7.298	6.768	6.753	6.833	6.933	7.008	7.038	7.123	7.363	7.633	7.828	7.823	7.583	6.923	6.873	6.948	7.033	7.103	7.128	7.208	7.438	7.713	7.908	7.903	7.663	6.903	6.853
4.333	4.46	4.56	4.639	4.758	5.343	5.953	6.248	6.266	6.204	6.009	6.041	6.141	6.261	6.344	6.384	6.469	6.779	7.154	7.354	7.349	7.174	6.644	6.629	6.709	6.809	6.884	6.914	6.999	7.239	7.509	7.704	7.699	7.459	6.799	6.754	6.829	6.914	6.984	7.009	7.089	7.319	7.594	7.789	7.784	7.544	6.804	6.759
4.292	4.414	4.524	4.613	4.739	5.334	5.974	6.269	6.291	6.226	6.036	6.073	6.173	6.293	6.378	6.418	6.503	6.818	7.198	7.403	7.398	7.223	6.698	6.683	6.763	6.863	6.938	6.968	7.053	7.293	7.563	7.758	7.753	7.513	6.868	6.823	6.898	6.983	7.053	7.078	7.158	7.388	7.663	7.858	7.853	7.613	6.873	6.828
4.098	4.217	4.332	4.421	4.558	5.17	5.83	6.133	6.165	6.103	5.918	5.958	6.058	6.178	6.263	6.306	6.393	6.708	7.093	7.303	7.298	7.123	6.618	6.608	6.693	6.793	6.868	6.898	6.983	7.223	7.498	7.693	7.688	7.448	6.813	6.768	6.848	6.938	7.008	7.033	7.113	7.343	7.618	7.813	7.808	7.568	6.848	6.803
4.139	4.265	4.377	4.465	4.6	5.22	5.89	6.2	6.232	6.17	5.99	6.032	6.132	6.252	6.337	6.38	6.467	6.782	7.167	7.377	7.372	7.197	6.707	6.697	6.782	6.882	6.957	6.987	7.072	7.312	7.587	7.782	7.772	7.532	6.912	6.867	6.947	7.037	7.107	7.132	7.212	7.442	7.717	7.912	7.907	7.667	6.952	6.907
3.914	4.03	4.156	4.249	4.394	5.042	5.739	6.054	6.091	6.036	5.866	5.911	6.011	6.133	6.223	6.268	6.356	6.681	7.071	7.291	7.286	7.111	6.651	6.641	6.726	6.826	6.901	6.931	7.016	7.256	7.531	7.726	7.721	7.481	6.881	6.836	6.916	7.006	7.076	7.101	7.181	7.411	7.686	7.881	7.876	7.641	6.941	6.896
3.97	4.098	4.222	4.318	4.463	5.105	5.795	6.112	6.152	6.102	5.927	5.972	6.075	6.197	6.287	6.332	6.42	6.745	7.135	7.355	7.35	7.175	6.708	6.698	6.783	6.883	6.958	6.988	7.073	7.313	7.588	7.783	7.778	7.538	6.933	6.888	6.968	7.058	7.128	7.153	7.233	7.463	7.738	7.933	7.928	7.693	6.983	6.933
3.603	3.726	3.856	3.954	4.109	4.796	5.526	5.849	5.894	5.849	5.699	5.747	5.855	5.98	6.072	6.119	6.209	6.554	6.954	7.179	7.174	7.004	6.564	6.554	6.639	6.744	6.819	6.849	6.934	7.174	7.454	7.654	7.649	7.409	6.819	6.774	6.854	6.944	7.014	7.039	7.119	7.349	7.624	7.819	7.814	7.579	6.884	6.834
3.515	3.636	3.766	3.866	4.026	4.722	5.457	5.781	5.831	5.789	5.654	5.707	5.817	5.942	6.034	6.084	6.174	6.524	6.929	7.159	7.154	6.984	6.549	6.539	6.624	6.729	6.804	6.834	6.919	7.164	7.444	7.644	7.639	7.404	6.824	6.779	6.859	6.949	7.019	7.049	7.129	7.359	7.634	7.834	7.829	7.594	6.904	6.854
3.537	3.643	3.767	3.868	4.033	4.728	5.473	5.798	5.85	5.81	5.685	5.74	5.852	5.977	6.071	6.121	6.212	6.567	6.972	7.202	7.197	7.027	6.597	6.587	6.672	6.777	6.852	6.882	6.967	7.212	7.492	7.692	7.687	7.452	6.872	6.827	6.907	6.997	7.067	7.097	7.177	7.407	7.682	7.882	7.877	7.642	6.952	6.902
3.538	3.638	3.758	3.858	4.024	4.727	5.476	5.796	5.85	5.818	5.701	5.756	5.869	5.994	6.089	6.139	6.231	6.586	6.991	7.221	7.216	7.046	6.616	6.606	6.691	6.796	6.871	6.901	6.986	7.231	7.511	7.711	7.706	7.471	6.891	6.846	6.926	7.016	7.086	7.116	7.196	7.426	7.701	7.901	7.896	7.661	6.971	6.921
3.538	3.957	4.08	4.173	4.331	5.001	5.733	6.046	6.089	6.051	5.911	5.963	6.073	6.196	6.289	6.339	6.431	6.776	7.176	7.396	7.391	7.216	6.746	6.731	6.816	6.921	6.996	7.026	7.111	7.351	7.631	7.831	7.826	7.586	6.981	6.936	7.016	7.106	7.176	7.206	7.286	7.516	7.791	7.991	7.986	7.746	7.046	6.991
3.538	3.835	3.958	4.055	4.214	4.873	5.596	5.901	5.943	5.896	5.766	5.816	5.926	6.049	6.141	6.191	6.286	6.631	7.031	7.251	7.246	7.071	6.626	6.611	6.696	6.801	6.876	6.906	6.991	7.231	7.516	7.721	7.716	7.476	6.876	6.831	6.911	7.006	7.076	7.106	7.186	7.416	7.691	7.891	7.886	7.646	6.966	6.916
